1236
316
12
13
13
13
13
13
13
13
13
14
14
14
14
14
14
14
14
14
14
14
14
14
14
14
14
14
14
14
14
14
14
14
14
14
14
14
14
14
14
14
14
14
14
14
14
15
15
15
15
15
15
15
15
15
16
16
16
16
16
16
16
16
16
16
16
16
16
16
16
16
16
16
16
16
16
16
16
16
16
16
16
16
16
16
16
17
17
17
17
17
17
17
17
17
17
17
17
18
18
18
18
18
18
18
18
18
18
18
18
18
18
18
18
18
18
18
18
18
18
18
19
19
19
19
19
19
20
20
20
20
20
20
20
20
20
20
20
20
20
20
20
20
20
20
20
20
20
20
20
20
20
20
20
21
21
21
22
22
22
22
22
22
22
22
22
22
22
22
23
23
23
23
23
23
23
23
24
24
24
24
24
24
24
24
24
24
24
24
24
24
24
25
25
25
26
26
26
26
26
26
26
26
27
27
27
27
28
28
28
28
28
28
28
28
28
28
29
29
29
30
30
30
30
30
30
31
31
31
31
32
32
32
32
32
32
33
33
34
34
34
34
34
34
34
34
34
35
36
36
36
36
36
37
37
37
38
39
39
40
40
41
41
41
42
42
43
43
44
44
44
46
46
46
46
46
48
48
48
50
50
50
51
52
52
52
52
54
55
55
56
58
58
58
60
62
66
66
66
67
67
68
71
72
74
76
76
77
78
82
85
91
91
108
126
182
248
